1
2
5
4
6
8
10
9
11
14
13
15
17
16
18
19
20
22
23
25
26
28
30
32
33
34
35
37
39
40
41
42
43
44
45
46
47
48
49
50
51
52
55
54
56
57
58
59
60
62
63
66
65
68
67
69
71
72
74
75
76
77
78
81
80
82
85
84
86
88
87
89
90
91
92
93
94
95
96
97
98
100
101
107
109
111
112
113
115
120
116
121
123
125
126
127
128
130
132
129
133
134
135
136
138
139
140
141
142
143
144
145
147
148
149
150
151
152
153
154
156
157
159
160
161
162
163
164
165
166
167
168
171
172
173
174
175
176
177
178
179
181
182
183
185
187
184
186
189
191
192
194
196
200
201
202
204
205
206
207
208
209
210
212
213
214
215
219
221
216
220
218
222
223
224
225
226
227
228
229
230
231
232
233
234
235
236
237
238
239
240
241
242
244
245
246
247
248
249
250
251
252
253
254
255
256
257
258
259
260
261
262
263
264
265
266
268
269
270
271
273
274
275
276
277
278
279
280
282
283
287
289
291
292
293
294
295
297
298
299
300
303
304
305
306
307
308
309
310
311
312
313
316
317
318
319
320
321
322
323
324
325
326
327
328
329
331
330
333
332
334
337
336
338
339
340
341
342
344
345
346
347
348
349
350
351
352
353
354
355
356
357
358
359
360
361
362
363
364
367
368
369
370
371
372
373
375
376
377
378
379
381
383
380
384
382
385
386
387
388
389
390
391
392
393
394
395
396
397
398
399
402
401
403
404
405
406
407
410
411
412
413
415
417
418
419
420
422
423
424
425
426
427
428
429
430
433
434
435
437
438
442
443
445
446
447
449
451
452
454
456
459
460
462
463
465
466
470
471
473
474
476
477
478
479
480
481
482
483
484
485
486
487
488
493
494
495
496
498
499
500
501
502
503
504
505
506
507
508
509
512
513
514
515
517
518
521
523
525
527
528
530
531
533
534
535
536
538
539
540
542
543
544
545
546
547
548
550
551
553
552
554
555
556
558
557
560
559
561
563
564
565
566
567
568
569
570
571
573
574
576
577
579
580
582
583
584
585
586
587
588
589
590
591
592
593
594
595
596
597
598
599
600
601
603
604
605
607
609
606
608
610
612
614
616
618
619
621
622
623
625
626
627
628
629
630
631
632
633
634
635
636
637
638
639
640
641
642
644
645
646
647
648
649
650
651
652
653
654
655
656
657
658
659
660
661
663
664
665
666
667
668
669
671
670
672
673
674
676
677
678
679
680
681
682
683
685
686
687
689
688
690
691
692
693
694
695
696
697
699
701
702
703
704
705
707
708
709
710
711
712
713
714
715
716
717
718
719
720
722
723
724
725
726
727
728
729
730
731
733
735
732
736
738
740
734
737
741
739
743
742
744
745
746
747
748
749
750
751
752
753
754
755
756
757
758
759
760
761
762
763
764
765
766
768
769
770
771
772
773
774
775
776
777
778
779
780
781
782
783
784
785
786
788
789
790
791
792
793
794
795
796
797
798
799
800
801
802
803
804
805
806
807
808
809
810
811
812
813
814
815
816
817
820
819
821
823
822
824
825
826
829
830
832
833
835
836
837
839
838
840
841
842
843
844
845
846
847
848
850
852
849
851
853
854
855
856
858
859
860
862
863
864
865
866
867
868
869
870
871
872
873
874
875
878
877
880
879
881
882
883
884
886
888
887
889
891
890
893
892
894
895
896
897
899
903
900
902
904
905
906
907
908
910
909
911
912
913
914
915
916
917
918
919
920
921
922
923
924
925
926
928
930
931
932
933
934
936
937
938
939
940
941
942
943
944
945
946
947
948
949
950
952
954
955
956
957
958
959
960
961
962
963
964
966
967
968
969
970
971
972
973
974
975
976
977
978
980
981
982
983
984
985
986
988
989
990
991
992
993
994
995
996
997
998
999
1000
1001
1002
1003
1004
1005
1006
1007
1008
1009
1010
1011
1012
1013
1014
1015
1016
1017
1018
1019
1021
1022
1023
1024
1025
1026
1027
1028
1029
1030
1031
1032
1033
1035
1036
1037
1038
1040
1041
1042
1043
1044
1045
1047
1049
1046
1048
1051
1052
1053
1054
1055
1057
1059
1056
1058
1060
1061
1062
1063
1064
1065
1067
1069
1066
1068
1070
1072
1074
1076
1073
1075
1077
1078
1079
1080
1081
1082
1083
1085
1087
1084
1088
1086
1089
1093
1095
1094
1092
1099
1101
1103
1096
1098
1102
1100
1104
1105
1107
1106
1108
1110
1109
1111
1113
1114
1115
1119
1118
1120
1122
1121
1124
1123
1126
1130
1128
1131
1132
1137
1138
1140
1139
1141
1144
1143
1148
1145
1147
1149
1150
1151
1152
1154
1155
1157
1158
1159
1160
1161
1162
1163
1164
1166
1165
1167
1169
1170
1172
1174
1171
1173
1176
1175
1178
1179
1180
1182
1183
1185
1187
1190
1191
1192
1194
1196
1198
1195
1199
1200
1202
1204
1205
1207
1209
1211
1206
1210
1213
1208
1215
1212
1214
1216
1217
1218
1219
1220
1221
1224
1225
1226
1227
1228
1229
1231
1233
1230
1232
1234
1235
1236
1237
1238
1239
1241
1242
1243
1244
1245
1246
1247
1248
1249
1250
1251
1252
1253
1254
1255
1256
1258
1259
1260
1261
1262
1264
1263
1266
1267
1268
1269
1273
1275
1270
1272
1276
1274
1278
1280
1279
1281
1284
1283
1286
1285
1287
1291
1288
1290
1292
1294
1296
1298
1300
1302
1295
1299
1303
1304
1301
1306
1305
1307
1309
1313
1311
1314
1315
1316
1318
1319
1321
1320
1323
1322
1326
1325
1327
1329
1328
1330
1331
1332
1333
1334
1335
1336
1337
1338
1339
1340
1341
1343
1344
1345
1347
1348
1350
1352
1349
1351
1353
1354
1355
1357
1359
1356
1360
1358
1362
1361
1363
1364
1365
1366
1368
1369
1370
1372
1374
1375
1376
1377
1380
1382
1384
1386
1381
1383
1385
1388
1390
1391
1392
1394
1393
1395
1396
1398
1402
1403
1404
1405
1406
1407
1408
1409
1410
1411
1413
1415
1414
1416
1417
1418
1423
1422
1425
1427
1429
1428
1426
1430
1432
1431
1433
1434
1438
1440
1435
1439
1437
1443
1442
1444
1448
1449
1447
1451
1453
1450
1454
1452
1456
1455
1457
1458
1459
1461
1462
1464
1463
1465
1466
1467
1469
1468
1471
1470
1472
1473
1475
1474
1476
1477
1479
1480
1484
1481
1485
1487
1489
1491
1486
1490
1488
1492
1494
1495
1497
1499
1501
1498
1500
1503
1504
1505
1506
1507
1508
1509
1510
1511
1512
1513
1514
1516
1517
1518
1519
1520
1521
1522
1523
1525
1524
1526
1527
1528
1529
1530
1531
1532
1535
1536
1537
1538
1539
1541
1542
1543
1545
1546
1547
1548
1550
1551
1552
1553
1554
1556
1555
1558
1557
1560
1559
1562
1561
1563
1567
1569
1571
1568
1572
1570
1573
1575
1576
1577
1582
1581
1583
1584
1586
1585
1587
1589
1591
1588
1590
1592
1593
1594
1596
1595
1597
1600
1601
1602
1603
1604
1605
1607
1608
1609
1611
1612
1614
1615
1617
1620
1619
1622
1623
1624
1625
1626
1627
1628
1629
1630
1631
1633
1634
1635
1636
1637
1638
1639
1640
1641
1642
1643
1644
1646
1648
1649
1651
1652
1654
1656
1657
1659
1660
1661
1662
1664
1666
1663
1667
1669
1665
1668
1671
1673
1675
1670
1674
1672
1676
1678
1677
1679
1680
1681
1683
1685
1682
1686
1684
1688
1687
1689
1690
1691
1692
1693
1694
1695
1696
1697
1698
1700
1699
1701
1702
1704
1703
1706
1705
1707
1708
1709
1710
1711
1712
1713
1714
1715
1716
1717
1718
1719
1720
1721
1722
1723
1724
1725
1726
1727
1728
1729
1730
1731
1732
1733
1734
1735
1736
1737
1738
1739
1741
1743
1740
1744
1742
1745
1747
1746
1749
1751
1750
1752
1754
1753
1755
1757
1756
1758
1759
1760
1761
1762
1763
1764
1765
1766
1768
1767
1770
1772
1769
1771
1773
1774
1775
1776
1777
1778
1779
1780
1781
1782
1783
1784
1785
1786
1788
1787
1791
1793
1792
1794
1795
1797
1796
1798
1799
1800
1801
1803
1802
1806
1805
1807
1808
1809
1810
1811
1812
1813
1815
1817
1814
1816
1818
1819
1820
1821
1822
1823
1825
1824
1827
1829
1826
1828
1830
1831
1832
1833
1834
1835
1836
1837
1839
1838
1840
1841
1842
1843
1844
1845
1846
1847
1848
1849
1850
1851
1853
1852
1854
1855
1856
1857
1858
1859
1860
1861
1863
1862
1865
1867
1864
1866
1869
1872
1871
1873
1874
1875
1876
1877
1878
1880
1879
1881
1882
1883
1884
1885
1886
1888
1887
1890
1892
1889
1891
1893
1894
1895
1896
1898
1900
1897
1899
1901
1903
1902
1905
1904
1906
1907
1909
1911
1908
1910
1912
1913
1914
1916
1915
1918
1917
1919
1920
1921
1923
1922
1925
1927
1924
1929
1926
1930
1932
1931
1934
1936
1938
1933
1935
1939
1937
1941
1943
1940
1942
1945
1944
1947
1949
1946
1950
1952
1954
1948
1953
1956
1955
1957
1958
1959
1962
1963
1964
1965
1966
1968
1967
1970
1972
1974
1971
1973
1976
1977
1978
1979
1981
1980
1982
1983
1984
1986
1987
1989
1988
1990
1992
1993
1994
1996
1997
1998
1999
2000
2001
2002
2004
2005
2007
2006
2008
2010
2009
2012
2011
2013
2014
2015
2017
2016
2018
2019
2021
2020
2023
2022
2024
2025
2026
2027
2028
2030
2029
2031
2032
2035
2034
2036
2037
2038
2039
2040
2041
2043
2042
2044
2046
2049
2048
2050
2051
2052
2053
2054
2056
2058
2059
2061
2063
2065
2067
2060
2062
2064
2066
2068
2069
2070
2071
2072
2073
2075
2076
2077
2078
2079
2080
2083
2085
2084
2086
2087
2088
2089
2091
2090
2093
2092
2095
2094
2096
2098
2097
2099
2100
2101
2102
2103
2104
2105
2106
2108
2107
2109
2110
2111
2112
2113
2115
2114
2116
2118
2117
2119
2120
2122
2121
2123
2125
2127
2124
2126
2129
2130
2132
2133
2134
2136
2138
2137
2142
2144
2139
2143
2146
2141
2145
2148
2149
2151
2150
2152
2153
2154
2155
2156
2157
2159
2161
2163
2158
2160
2162
2165
2164
2166
2167
2168
2170
2169
2172
2171
2176
2179
2186
2187
2193
2197
2196
2200
2201
2202
2204
2205
2209
2211
2206
2210
2213
2212
2219
2221
2224
2226
2228
2232
2233
2243
2240
2258
2263
2264
2270
2272
2275
2277
2281
2282
2285
2284
2287
2289
2291
2290
2299
2307
2309
2311
2314
2315
2316
2317
2318
2320
2319
2321
2323
2324
2325
2326
2328
2327
2329
2330
2331
2332
2333
2337
2339
2341
2343
2345
2334
2338
2336
2342
2340
2344
2346
2347
2348
2352
2354
2356
2358
2349
2351
2357
2360
2355
2361
2359
2362
2363
2365
2367
2364
2366
2370
2372
2374
2376
2369
2373
2375
2377
2379
2378
2380
2381
2382
2384
2386
2387
2388
2389
2391
2393
2395
2392
2394
2397
2399
2401
2396
2398
2402
2403
2404
2405
2407
2409
2411
2408
2410
